image: mymap.pgm
resolution: 0.020000
origin: [-5.060000, -9.040000, -nan]
negate: 0
occupied_thresh: 0.65
free_thresh: 0.196

